0,0
0,1000
1,1000
2,0
2,549
2,549
2,999
3,0
3,1000
5,0
5,1000
5,1000
5,999
6,0
6,1000
7,0
7,555
7,555
7,999
8,0
8,1000
9,1000
10,0
10,105
10,105
10,999
11,0
11,1000
12,0
12,557
12,557
12,999
13,0
13,1000
14,1000
15,0
15,11
15,11
15,999
16,0
16,1000
17,0
17,565
17,565
17,999
18,0
18,1000
19,1000
20,0
20,118
20,118
20,999
21,0
21,1000
22,0
22,570
22,570
22,999
23,0
23,1000
24,1000
25,0
25,122
25,122
25,999
26,0
26,1000
27,0
27,573
27,573
27,999
28,0
28,1000
29,1000
30,0
30,126
30,126
30,999
31,0
31,1000
32,0
32,578
32,578
32,999
33,0
33,1000
34,1000
35,0
35,13
35,13
35,999
36,0
36,1000
37,0
37,583
37,583
37,999
38,0
38,1000
39,1000
40,0
40,133
40,133
40,999
41,0
41,1000
42,0
42,585
42,585
42,999
43,0
43,1000
44,1000
45,0
45,137
45,137
45,999
46,0
46,1000
47,0
47,589
47,589
47,999
48,0
48,1000
49,1000
50,0
50,140
50,140
50,999
51,0
51,1000
52,0
52,593
52,593
52,999
53,0
53,1000
54,1000
55,0
55,144
55,144
55,999
56,0
56,1000
57,0
57,597
57,597
57,999
58,0
58,1000
59,1000
60,0
60,148
60,148
60,999
61,0
61,1000
62,0
62,601
62,601
62,999
63,0
63,1000
64,1000
65,0
65,155
65,155
65,999
66,0
66,1000
67,0
67,608
67,608
67,999
68,0
68,1000
69,1000
70,0
70,160
70,160
70,999
71,0
71,1000
72,0
72,615
72,615
72,999
73,0
73,1000
74,1000
75,0
75,167
75,167
75,999
76,0
76,1000
77,0
77,620
77,620
77,999
78,0
78,1000
79,1000
80,0
80,171
80,171
80,999
81,0
81,1000
82,0
82,623
82,623
82,999
83,0
83,1000
84,1000
85,0
85,171
85,171
85,999
86,0
86,1000
87,0
87,625
87,625
87,999
88,0
88,1000
89,1000
90,0
90,179
90,179
90,999
91,0
91,1000
92,0
92,630
92,630
92,999
93,0
93,1000
94,1000
95,0
95,183
95,183
95,999
96,0
96,1000
97,0
97,633
97,633
97,999
98,0
98,1000
99,1000
100,0
100,181
100,181
100,999
101,0
101,1000
102,0
102,635
102,635
102,999
103,0
103,1000
104,1000
105,0
105,188
105,188
105,999
106,0
106,1000
107,0
107,639
107,639
107,999
108,0
108,1000
109,1000
110,0
110,19
110,19
110,999
111,0
111,1000
112,0
112,643
112,643
112,999
113,0
113,1000
114,1000
115,0
115,196
115,196
115,999
116,0
116,1000
117,0
117,648
117,648
117,999
118,0
118,1000
119,1000
120,0
120,197
120,197
120,999
121,0
121,1000
122,0
122,650
122,650
122,999
123,0
123,1000
124,1000
125,0
125,202
125,202
125,999
126,0
126,1000
127,0
127,658
127,658
127,999
128,0
128,1000
129,1000
130,0
130,209
130,209
130,999
131,0
131,1000
132,0
132,662
132,662
132,999
133,0
133,1000
134,1000
135,0
135,214
135,214
135,999
136,0
136,1000
137,0
137,669
137,669
137,999
138,0
138,1000
139,1000
140,0
140,22
140,22
140,999
141,0
141,1000
142,0
142,673
142,673
142,999
143,0
143,1000
144,1000
145,0
145,224
145,224
145,999
146,0
146,1000
147,0
147,678
147,678
147,999
148,0
148,1000
149,1000
150,0
150,230
150,230
150,999
151,0
151,1000
152,0
152,682
152,682
152,999
153,0
153,1000
154,1000
155,0
155,232
155,232
155,999
156,0
156,1000
157,0
157,684
157,684
157,999
158,0
158,1000
159,1000
160,0
160,236
160,236
160,999
161,0
161,1000
162,0
162,690
162,690
162,999
163,0
163,1000
164,1000
165,0
165,241
165,241
165,999
166,0
166,1000
167,0
167,692
167,692
167,999
168,0
168,1000
169,1000
170,0
170,242
170,242
170,999
171,0
171,1000
172,0
172,699
172,699
172,999
173,0
173,1000
174,1000
175,0
175,249
175,249
175,999
176,0
176,1000
177,0
177,699
177,699
177,999
178,0
178,1000
179,1000
180,0
180,248
180,248
180,999
181,0
181,1000
182,0
182,699
182,699
182,999
183,0
183,1000
184,1000
185,0
185,249
185,249
185,999
186,0
186,1000
187,0
187,70
187,70
187,999
188,0
188,1000
189,1000
190,0
190,252
190,252
190,999
191,0
191,1000
192,0
192,707
192,707
192,999
193,0
193,1000
194,1000
195,0
195,258
195,258
195,999
196,0
196,1000
197,0
197,711
197,711
197,999
198,0
198,1000
199,1000
200,0
200,261
200,261
200,999
201,0
201,1000
202,0
202,714
202,714
202,999
203,0
203,1000
204,1000
205,0
205,266
205,266
205,999
206,0
206,1000
207,0
207,719
207,719
207,999
208,0
208,1000
209,1000
210,0
210,268
210,268
210,999
211,0
211,1000
212,0
212,720
212,720
212,999
213,0
213,1000
214,1000
215,0
215,272
215,272
215,999
216,0
216,1000
217,0
217,725
217,725
217,999
218,0
218,1000
219,1000
220,0
220,279
220,279
220,999
221,0
221,1000
222,0
222,731
222,731
222,999
223,0
223,1000
224,1000
225,0
225,283
225,283
225,999
226,0
226,1000
227,0
227,737
227,737
227,999
228,0
228,1000
229,1000
230,0
230,29
230,29
230,999
231,0
231,1000
232,0
232,742
232,742
232,999
233,0
233,1000
234,1000
235,0
235,293
235,293
235,999
236,0
236,1000
237,0
237,747
237,747
237,999
238,0
238,1000
239,1000
240,0
240,299
240,299
240,999
241,0
241,1000
242,0
242,752
242,752
242,999
243,0
243,1000
244,1000
245,0
245,304
245,304
245,999
246,0
246,1000
247,0
247,757
247,757
247,999
248,0
248,1000
249,1000
250,0
250,307
250,307
250,999
251,0
251,1000
252,0
252,761
252,761
252,999
253,0
253,1000
254,1000
255,0
255,31
255,31
255,999
256,0
256,1000
257,0
257,762
257,762
257,999
258,0
258,1000
259,1000
260,0
260,313
260,313
260,999
261,0
261,1000
262,0
262,765
262,765
262,999
263,0
263,1000
264,1000
265,0
265,315
265,315
265,999
266,0
266,1000
267,0
267,771
267,771
267,999
268,0
268,1000
269,1000
270,0
270,322
270,322
270,999
271,0
271,1000
272,0
272,774
272,774
272,999
273,0
273,1000
274,1000
275,0
275,326
275,326
275,999
276,0
276,1000
277,0
277,780
277,780
277,999
278,0
278,1000
279,1000
280,0
280,332
280,332
280,999
281,0
281,1000
282,0
282,784
282,784
282,999
283,0
283,1000
284,1000
285,0
285,336
285,336
285,999
286,0
286,1000
287,0
287,79
287,79
287,999
288,0
288,1000
289,1000
290,0
290,339
290,339
290,999
291,0
291,1000
292,0
292,793
292,793
292,999
293,0
293,1000
294,1000
295,0
295,346
295,346
295,999
296,0
296,1000
297,0
297,8
297,8
297,999
298,0
298,1000
299,1000
300,0
300,35
300,35
300,999
301,0
301,1000
302,0
302,803
302,803
302,999
303,0
303,1000
304,1000
305,0
305,356
305,356
305,999
306,0
306,1000
307,0
307,808
307,808
307,999
308,0
308,1000
309,1000
310,0
310,359
310,359
310,999
311,0
311,1000
312,0
312,810
312,810
312,999
313,0
313,1000
314,1000
315,0
315,360
315,360
315,999
316,0
316,1000
317,0
317,813
317,813
317,999
318,0
318,1000
319,1000
320,0
320,365
320,365
320,999
321,0
321,1000
322,0
322,816
322,816
322,999
323,0
323,1000
324,1000
325,0
325,366
325,366
325,999
326,0
326,1000
327,0
327,818
327,818
327,999
328,0
328,1000
329,1000
330,0
330,37
330,37
330,999
331,0
331,1000
332,0
332,822
332,822
332,999
333,0
333,1000
334,1000
335,0
335,375
335,375
335,999
336,0
336,1000
337,0
337,830
337,830
337,999
338,0
338,1000
339,1000
340,0
340,385
340,385
340,999
341,0
341,1000
342,0
342,837
342,837
342,999
343,0
343,1000
344,1000
345,0
345,389
345,389
345,999
346,0
346,1000
347,0
347,840
347,840
347,999
348,0
348,1000
349,1000
350,0
350,393
350,393
350,999
351,0
351,1000
352,0
352,845
352,845
352,999
353,0
353,1000
354,1000
355,0
355,395
355,395
355,999
356,0
356,1000
357,0
357,846
357,846
357,999
358,0
358,1000
359,1000
360,0
360,396
360,396
360,999
361,0
361,1000
362,0
362,85
362,85
362,999
363,0
363,1000
364,1000
365,0
365,401
365,401
365,999
366,0
366,1000
367,0
367,854
367,854
367,999
368,0
368,1000
369,1000
370,0
370,405
370,405
370,999
371,0
371,1000
372,0
372,859
372,859
372,999
373,0
373,1000
374,1000
375,0
375,409
375,409
375,999
376,0
376,1000
377,0
377,866
377,866
377,999
378,0
378,1000
379,1000
380,0
380,416
380,416
380,999
381,0
381,1000
382,0
382,872
382,872
382,999
383,0
383,1000
384,1000
385,0
385,423
385,423
385,999
386,0
386,1000
387,0
387,88
387,88
387,999
388,0
388,1000
389,1000
390,0
390,429
390,429
390,999
391,0
391,1000
392,0
392,885
392,885
392,999
393,0
393,1000
394,1000
395,0
395,435
395,435
395,999
396,0
396,1000
397,0
397,891
397,891
397,999
398,0
398,1000
399,1000
400,0
400,442
400,442
400,999
401,0
401,1000
402,0
402,894
402,894
402,999
403,0
403,1000
404,1000
405,0
405,447
405,447
405,999
406,0
406,1000
407,0
407,90
407,90
407,999
408,0
408,1000
409,1000
410,0
410,451
410,451
410,999
411,0
411,1000
412,0
412,906
412,906
412,999
413,0
413,1000
414,1000
415,0
415,46
415,46
415,999
416,0
416,1000
417,0
417,915
417,915
417,999
418,0
418,1000
419,1000
420,0
420,467
420,467
420,999
421,0
421,1000
422,0
422,920
422,920
422,999
423,0
423,1000
424,1000
425,0
425,474
425,474
425,999
426,0
426,1000
427,0
427,925
427,925
427,999
428,0
428,1000
429,1000
430,0
430,477
430,477
430,999
431,0
431,1000
432,0
432,930
432,930
432,999
433,0
433,1000
434,1000
435,0
435,48
435,48
435,999
436,0
436,1000
437,0
437,932
437,932
437,999
438,0
438,1000
439,1000
440,0
440,485
440,485
440,999
441,0
441,1000
442,0
442,936
442,936
442,999
443,0
443,1000
444,1000
445,0
445,49
445,49
445,999
446,0
446,1000
447,0
447,942
447,942
447,999
448,0
448,1000
449,1000
450,0
450,493
450,493
450,999
451,0
451,1000
452,0
452,946
452,946
452,999
453,0
453,1000
454,1000
455,0
455,497
455,497
455,999
456,0
456,1000
457,0
457,948
457,948
457,999
458,0
458,1000
459,1000
460,0
460,50
460,50
460,999
461,0
461,1000
462,0
462,954
462,954
462,999
463,0
463,1000
464,1000
465,0
465,504
465,504
465,999
466,0
466,1000
467,0
467,959
467,959
467,999
468,0
468,1000
469,1000
470,0
470,51
470,51
470,999
471,0
471,1000
472,0
472,964
472,964
472,999
473,0
473,1000
474,1000
475,0
475,516
475,516
475,999
476,0
476,1000
477,0
477,970
477,970
477,999
478,0
478,1000
479,1000
480,0
480,520
480,520
480,999
481,0
481,1000
482,0
482,973
482,973
482,999
483,0
483,1000
484,1000
485,0
485,524
485,524
485,999
486,0
486,1000
487,0
487,978
487,978
487,999
488,0
488,1000
489,1000
490,0
490,529
490,529
490,999
491,0
491,1000
492,0
492,982
492,982
492,999
493,0
493,1000
494,1000
495,0
495,530
495,530
495,999
496,0
496,1000
497,0
497,984
497,984
497,999
498,0
498,1000
499,1000
500,0
500,534
500,534
500,999
501,0
501,1000
502,0
502,987
502,987
502,999
503,0
503,1000
504,1000
505,0
505,538
505,538
505,999
506,0
506,1000
507,0
507,990
507,990
507,999
508,0
508,1000
509,1000
510,0
510,540
510,540
510,999
511,0
511,1000
512,0
512,995
512,995
512,999
513,0
513,1000
514,1000
515,0
515,544
515,544
515,999
516,0
516,1000
517,0
517,997
517,997
517,999
518,0
518,1000
519,1000
520,0
520,546
520,546
520,999
521,0
521,1000
522,1000
523,0
523,1
523,1
523,1000
524,0
524,1000
525,0
525,551
525,551
525,999
526,0
526,1000
527,1000
528,0
528,102
528,102
528,999
529,0
529,1000
530,0
530,559
530,559
530,999
531,0
531,1000
532,1000
533,0
533,109
533,109
533,999
534,0
534,1000
535,0
535,561
535,561
535,999
536,0
536,1000
537,1000
538,0
538,111
538,111
538,999
539,0
539,1000
540,0
540,563
540,563
540,999
541,0
541,1000
542,1000
543,0
543,115
543,115
543,999
544,0
544,1000
545,0
545,57
545,57
545,999
546,0
546,1000
547,1000
548,0
548,12
548,12
548,999
549,0
549,1000
550,0
550,572
550,572
550,999
551,0
551,1000
552,1000
553,0
553,124
553,124
553,999
554,0
554,1000
555,0
555,58
555,58
555,999
556,0
556,1000
557,1000
558,0
558,129
558,129
558,999
559,0
559,1000
560,0
560,581
560,581
560,999
561,0
561,1000
562,1000
563,0
563,132
563,132
563,999
564,0
564,1000
565,0
565,587
565,587
565,999
566,0
566,1000
567,1000
568,0
568,138
568,138
568,999
569,0
569,1000
570,0
570,59
570,59
570,999
571,0
571,1000
572,1000
573,0
573,140
573,140
573,999
574,0
574,1000
575,0
575,594
575,594
575,999
576,0
576,1000
577,1000
578,0
578,147
578,147
578,999
579,0
579,1000
580,0
580,603
580,603
580,999
581,0
581,1000
582,1000
583,0
583,153
583,153
583,999
584,0
584,1000
585,0
585,608
585,608
585,999
586,0
586,1000
587,1000
588,0
588,160
588,160
588,999
589,0
589,1000
590,0
590,611
590,611
590,999
591,0
591,1000
592,1000
593,0
593,162
593,162
593,999
594,0
594,1000
595,0
595,618
595,618
595,999
596,0
596,1000
597,1000
598,0
598,168
598,168
598,999
599,0
599,1000
600,0
600,619
600,619
600,999
601,0
601,1000
602,1000
603,0
603,171
603,171
603,999
604,0
604,1000
605,0
605,625
605,625
605,999
606,0
606,1000
607,1000
608,0
608,178
608,178
608,999
609,0
609,1000
610,0
610,631
610,631
610,999
611,0
611,1000
612,1000
613,0
613,183
613,183
613,999
614,0
614,1000
615,0
615,634
615,634
615,999
616,0
616,1000
617,1000
618,0
618,183
618,183
618,999
619,0
619,1000
620,0
620,636
620,636
620,999
621,0
621,1000
622,1000
623,0
623,188
623,188
623,999
624,0
624,1000
625,0
625,64
625,64
625,999
626,0
626,1000
627,1000
628,0
628,192
628,192
628,999
629,0
629,1000
630,0
630,644
630,644
630,999
631,0
631,1000
632,1000
633,0
633,197
633,197
633,999
634,0
634,1000
635,0
635,65
635,65
635,999
636,0
636,1000
637,1000
638,0
638,202
638,202
638,999
639,0
639,1000
640,0
640,656
640,656
640,999
641,0
641,1000
642,1000
643,0
643,207
643,207
643,999
644,0
644,1000
645,0
645,659
645,659
645,999
646,0
646,1000
647,1000
648,0
648,208
648,208
648,999
649,0
649,1000
650,0
650,661
650,661
650,999
651,0
651,1000
652,1000
653,0
653,214
653,214
653,999
654,0
654,1000
655,0
655,668
655,668
655,999
656,0
656,1000
657,1000
658,0
658,22
658,22
658,999
659,0
659,1000
660,0
660,671
660,671
660,999
661,0
661,1000
662,1000
663,0
663,223
663,223
663,999
664,0
664,1000
665,0
665,68
665,68
665,999
666,0
666,1000
667,1000
668,0
668,230
668,230
668,999
669,0
669,1000
670,0
670,684
670,684
670,999
671,0
671,1000
672,1000
673,0
673,237
673,237
673,999
674,0
674,1000
675,0
675,690
675,690
675,999
676,0
676,1000
677,1000
678,0
678,242
678,242
678,999
679,0
679,1000
680,0
680,696
680,696
680,999
681,0
681,1000
682,1000
683,0
683,246
683,246
683,999
684,0
684,1000
685,0
685,70
685,70
685,999
686,0
686,1000
687,1000
688,0
688,251
688,251
688,999
689,0
689,1000
690,0
690,705
690,705
690,999
691,0
691,1000
692,1000
693,0
693,257
693,257
693,999
694,0
694,1000
695,0
695,711
695,711
695,999
696,0
696,1000
697,1000
698,0
698,261
698,261
698,999
699,0
699,1000
700,0
700,715
700,715
700,999
701,0
701,1000
702,1000
703,0
703,265
703,265
703,999
704,0
704,1000
705,0
705,717
705,717
705,999
706,0
706,1000
707,1000
708,0
708,27
708,27
708,999
709,0
709,1000
710,0
710,720
710,720
710,999
711,0
711,1000
712,1000
713,0
713,271
713,271
713,999
714,0
714,1000
715,0
715,727
715,727
715,999
716,0
716,1000
717,1000
718,0
718,279
718,279
718,999
719,0
719,1000
720,0
720,731
720,731
720,999
721,0
721,1000
722,1000
723,0
723,285
723,285
723,999
724,0
724,1000
725,0
725,736
725,736
725,999
726,0
726,1000
727,1000
728,0
728,288
728,288
728,999
729,0
729,1000
730,0
730,739
730,739
730,999
731,0
731,1000
732,1000
733,0
733,293
733,293
733,999
734,0
734,1000
735,0
735,746
735,746
735,999
736,0
736,1000
737,1000
738,0
738,3
738,3
738,999
739,0
739,1000
740,0
740,756
740,756
740,999
741,0
741,1000
742,1000
743,0
743,307
743,307
743,999
744,0
744,1000
745,0
745,760
745,760
745,999
746,0
746,1000
747,1000
748,0
748,31
748,31
748,999
749,0
749,1000
750,0
750,762
750,762
750,999
751,0
751,1000
752,1000
753,0
753,313
753,313
753,999
754,0
754,1000
755,0
755,768
755,768
755,999
756,0
756,1000
757,1000
758,0
758,319
758,319
758,999
759,0
759,1000
760,0
760,773
760,773
760,999
761,0
761,1000
762,1000
763,0
763,325
763,325
763,999
764,0
764,1000
765,0
765,779
765,779
765,999
766,0
766,1000
767,1000
768,0
768,328
768,328
768,999
769,0
769,1000
770,0
770,78
770,78
770,999
771,0
771,1000
772,1000
773,0
773,328
773,328
773,999
774,0
774,1000
775,0
775,782
775,782
775,999
776,0
776,1000
777,1000
778,0
778,336
778,336
778,999
779,0
779,1000
780,0
780,788
780,788
780,999
781,0
781,1000
782,1000
783,0
783,34
783,34
783,999
784,0
784,1000
785,0
785,792
785,792
785,999
786,0
786,1000
787,1000
788,0
788,343
788,343
788,999
789,0
789,1000
790,0
790,797
790,797
790,999
791,0
791,1000
792,1000
793,0
793,348
793,348
793,999
794,0
794,1000
795,0
795,802
795,802
795,999
796,0
796,1000
797,1000
798,0
798,354
798,354
798,999
799,0
799,1000
800,0
800,807
800,807
800,999
801,0
801,1000
802,1000
803,0
803,36
803,36
803,999
804,0
804,1000
805,0
805,812
805,812
805,999
806,0
806,1000
807,1000
808,0
808,364
808,364
808,999
809,0
809,1000
810,0
810,817
810,817
810,999
811,0
811,1000
812,1000
813,0
813,371
813,371
813,999
814,0
814,1000
815,0
815,824
815,824
815,999
816,0
816,1000
817,1000
818,0
818,376
818,376
818,999
819,0
819,1000
820,0
820,83
820,83
820,999
821,0
821,1000
822,1000
823,0
823,384
823,384
823,999
824,0
824,1000
825,0
825,837
825,837
825,999
826,0
826,1000
827,1000
828,0
828,389
828,389
828,999
829,0
829,1000
830,0
830,84
830,84
830,999
831,0
831,1000
832,1000
833,0
833,391
833,391
833,999
834,0
834,1000
835,0
835,844
835,844
835,999
836,0
836,1000
837,1000
838,0
838,396
838,396
838,999
839,0
839,1000
840,0
840,846
840,846
840,999
841,0
841,1000
842,1000
843,0
843,397
843,397
843,999
844,0
844,1000
845,0
845,85
845,85
845,999
846,0
846,1000
847,1000
848,0
848,40
848,40
848,999
849,0
849,1000
850,0
850,852
850,852
850,999
851,0
851,1000
852,1000
853,0
853,405
853,405
853,999
854,0
854,1000
855,0
855,859
855,859
855,999
856,0
856,1000
857,1000
858,0
858,412
858,412
858,999
859,0
859,1000
860,0
860,865
860,865
860,999
861,0
861,1000
862,1000
863,0
863,416
863,416
863,999
864,0
864,1000
865,0
865,869
865,869
865,999
866,0
866,1000
867,1000
868,0
868,418
868,418
868,999
869,0
869,1000
870,0
870,874
870,874
870,999
871,0
871,1000
872,1000
873,0
873,424
873,424
873,999
874,0
874,1000
875,0
875,877
875,877
875,999
876,0
876,1000
877,1000
878,0
878,429
878,429
878,999
879,0
879,1000
880,0
880,885
880,885
880,999
881,0
881,1000
882,1000
883,0
883,436
883,436
883,999
884,0
884,1000
885,0
885,890
885,890
885,999
886,0
886,1000
887,1000
888,0
888,44
888,44
888,999
889,0
889,1000
890,0
890,894
890,894
890,999
891,0
891,1000
892,1000
893,0
893,445
893,445
893,999
894,0
894,1000
895,0
895,899
895,899
895,999
896,0
896,1000
897,1000
898,0
898,452
898,452
898,999
899,0
899,1000
900,0
900,902
900,902
900,999
901,0
901,1000
902,1000
903,0
903,454
903,454
903,999
904,0
904,1000
905,0
905,907
905,907
905,999
906,0
906,1000
907,1000
908,0
908,457
908,457
908,999
909,0
909,1000
910,0
910,910
910,910
910,999
911,0
911,1000
912,1000
913,0
913,463
913,463
913,999
914,0
914,1000
915,0
915,918
915,918
915,999
916,0
916,1000
917,1000
918,0
918,470
918,470
918,999
919,0
919,1000
920,0
920,922
920,922
920,999
921,0
921,1000
922,1000
923,0
923,475
923,475
923,999
924,0
924,1000
925,0
925,927
925,927
925,999
926,0
926,1000
927,1000
928,0
928,478
928,478
928,999
929,0
929,1000
930,0
930,93
930,93
930,999
931,0
931,1000
932,1000
933,0
933,481
933,481
933,999
934,0
934,1000
935,0
935,934
935,934
935,999
936,0
936,1000
937,1000
938,0
938,485
938,485
938,999
939,0
939,1000
940,0
940,940
940,940
940,999
941,0
941,1000
942,1000
943,0
943,492
943,492
943,999
944,0
944,1000
945,0
945,943
945,943
945,999
946,0
946,1000
947,1000
948,0
948,493
948,493
948,999
949,0
949,1000
950,0
950,946
950,946
950,999
951,0
951,1000
952,1000
953,0
953,50
953,50
953,999
954,0
954,1000
955,0
955,956
955,956
955,999
956,0
956,1000
957,1000
958,0
958,507
958,507
958,999
959,0
959,1000
960,0
960,962
960,962
960,999
961,0
961,1000
962,1000
963,0
963,513
963,513
963,999
964,0
964,1000
965,0
965,967
965,967
965,999
966,0
966,1000
967,1000
968,0
968,518
968,518
968,999
969,0
969,1000
970,0
970,972
970,972
970,999
971,0
971,1000
972,1000
973,0
973,524
973,524
973,999
974,0
974,1000
975,0
975,978
975,978
975,999
976,0
976,1000
977,1000
978,0
978,53
978,53
978,999
979,0
979,1000
980,0
980,981
980,981
980,999
981,0
981,1000
982,1000
983,0
983,53
983,53
983,999
984,0
984,1000
985,0
985,985
985,985
985,999
986,0
986,1000
987,1000
988,0
988,535
988,535
988,999
989,0
989,1000
990,0
990,989
990,989
990,999
991,0
991,1000
992,1000
993,0
993,542
993,542
993,999
994,0
994,1000
995,0
995,995
995,995
995,999
996,0
996,1000
997,1000
998,0
998,547
998,547
998,999
999,0
999,1000
1000,0
1000,999
