0,0
0,1000
1,1000
2,0
2,1
2,1
2,1000
3,0
3,1000
4,0
4,100
4,100
4,1000
5,0
6,0
6,1000
6,1000
6,999
7,0
7,1000
8,0
8,103
8,103
8,999
9,0
9,1000
10,0
10,105
10,105
10,999
11,0
11,1000
12,0
12,106
12,106
12,999
13,0
13,1000
14,0
14,11
14,11
14,999
15,0
15,1000
16,0
16,111
16,111
16,999
17,0
17,1000
18,0
18,114
18,114
18,999
19,0
19,1000
20,0
20,118
20,118
20,999
21,0
21,1000
22,0
22,118
22,118
22,999
23,0
23,1000
24,0
24,121
24,121
24,999
25,0
25,1000
26,0
26,123
26,123
26,999
27,0
27,1000
28,0
28,122
28,122
28,999
29,0
29,1000
30,0
30,126
30,126
30,999
31,0
31,1000
32,0
32,127
32,127
32,999
33,0
33,1000
34,0
34,13
34,13
34,999
35,0
35,1000
36,0
36,130
36,130
36,999
37,0
37,1000
38,0
38,132
38,132
38,999
39,0
39,1000
40,0
40,133
40,133
40,999
41,0
41,1000
42,0
42,133
42,133
42,999
43,0
43,1000
44,0
44,135
44,135
44,999
45,0
45,1000
46,0
46,138
46,138
46,999
47,0
47,1000
48,0
48,137
48,137
48,999
49,0
49,1000
50,0
50,140
50,140
50,999
51,0
51,1000
52,0
52,141
52,141
52,999
53,0
53,1000
54,0
54,143
54,143
54,999
55,0
55,1000
56,0
56,145
56,145
56,999
57,0
57,1000
58,0
58,146
58,146
58,999
59,0
59,1000
60,0
60,148
60,148
60,999
61,0
61,1000
62,0
62,151
62,151
62,999
63,0
63,1000
64,0
64,154
64,154
64,999
65,0
65,1000
66,0
66,155
66,155
66,999
67,0
67,1000
68,0
68,158
68,158
68,999
69,0
69,1000
70,0
70,160
70,160
70,999
71,0
71,1000
72,0
72,163
72,163
72,999
73,0
73,1000
74,0
74,168
74,168
74,999
75,0
75,1000
76,0
76,169
76,169
76,999
77,0
77,1000
78,0
78,170
78,170
78,999
79,0
79,1000
80,0
80,171
80,171
80,999
81,0
81,1000
82,0
82,171
82,171
82,999
83,0
83,1000
84,0
84,171
84,171
84,999
85,0
85,1000
86,0
86,172
86,172
86,999
87,0
87,1000
88,0
88,175
88,175
88,999
89,0
89,1000
90,0
90,179
90,179
90,999
91,0
91,1000
92,0
92,18
92,18
92,999
93,0
93,1000
94,0
94,182
94,182
94,999
95,0
95,1000
96,0
96,184
96,184
96,999
97,0
97,1000
98,0
98,182
98,182
98,999
99,0
99,1000
100,0
100,181
100,181
100,999
101,0
101,1000
102,0
102,184
102,184
102,999
103,0
103,1000
104,0
104,187
104,187
104,999
105,0
105,1000
106,0
106,187
106,187
106,999
107,0
107,1000
108,0
108,189
108,189
108,999
109,0
109,1000
110,0
110,19
110,19
110,999
111,0
111,1000
112,0
112,193
112,193
112,999
113,0
113,1000
114,0
114,194
114,194
114,999
115,0
115,1000
116,0
116,197
116,197
116,999
117,0
117,1000
118,0
118,198
118,198
118,999
119,0
119,1000
120,0
120,197
120,197
120,999
121,0
121,1000
122,0
122,20
122,20
122,999
123,0
123,1000
124,0
124,200
124,200
124,999
125,0
125,1000
126,0
126,204
126,204
126,999
127,0
127,1000
128,0
128,207
128,207
128,999
129,0
129,1000
130,0
130,209
130,209
130,999
131,0
131,1000
132,0
132,210
132,210
132,999
133,0
133,1000
134,0
134,212
134,212
134,999
135,0
135,1000
136,0
136,215
136,215
136,999
137,0
137,1000
138,0
138,218
138,218
138,999
139,0
139,1000
140,0
140,22
140,22
140,999
141,0
141,1000
142,0
142,222
142,222
142,999
143,0
143,1000
144,0
144,224
144,224
144,999
145,0
145,1000
146,0
146,226
146,226
146,999
147,0
147,1000
148,0
148,227
148,227
148,999
149,0
149,1000
150,0
150,230
150,230
150,999
151,0
151,1000
152,0
152,230
152,230
152,999
153,0
153,1000
154,0
154,231
154,231
154,999
155,0
155,1000
156,0
156,233
156,233
156,999
157,0
157,1000
158,0
158,233
158,233
158,999
159,0
159,1000
160,0
160,236
160,236
160,999
161,0
161,1000
162,0
162,239
162,239
162,999
163,0
163,1000
164,0
164,24
164,24
164,999
165,0
165,1000
166,0
166,240
166,240
166,999
167,0
167,1000
168,0
168,240
168,240
168,999
169,0
169,1000
170,0
170,242
170,242
170,999
171,0
171,1000
172,0
172,247
172,247
172,999
173,0
173,1000
174,0
174,248
174,248
174,999
175,0
175,1000
176,0
176,248
176,248
176,999
177,0
177,1000
178,0
178,246
178,246
178,999
179,0
179,1000
180,0
180,248
180,248
180,999
181,0
181,1000
182,0
182,248
182,248
182,999
183,0
183,1000
184,0
184,249
184,249
184,999
185,0
185,1000
186,0
186,249
186,249
186,999
187,0
187,1000
188,0
188,25
188,25
188,999
189,0
189,1000
190,0
190,252
190,252
190,999
191,0
191,1000
192,0
192,256
192,256
192,999
193,0
193,1000
194,0
194,256
194,256
194,999
195,0
195,1000
196,0
196,259
196,259
196,999
197,0
197,1000
198,0
198,261
198,261
198,999
199,0
199,1000
200,0
200,261
200,261
200,999
201,0
201,1000
202,0
202,262
202,262
202,999
203,0
203,1000
204,0
204,266
204,266
204,999
205,0
205,1000
206,0
206,268
206,268
206,999
207,0
207,1000
208,0
208,269
208,269
208,999
209,0
209,1000
210,0
210,268
210,268
210,999
211,0
211,1000
212,0
212,270
212,270
212,999
213,0
213,1000
214,0
214,272
214,272
214,999
215,0
215,1000
216,0
216,274
216,274
216,999
217,0
217,1000
218,0
218,275
218,275
218,999
219,0
219,1000
220,0
220,279
220,279
220,999
221,0
221,1000
222,0
222,280
222,280
222,999
223,0
223,1000
224,0
224,283
224,283
224,999
225,0
225,1000
226,0
226,284
226,284
226,999
227,0
227,1000
228,0
228,287
228,287
228,999
229,0
229,1000
230,0
230,29
230,29
230,999
231,0
231,1000
232,0
232,291
232,291
232,999
233,0
233,1000
234,0
234,293
234,293
234,999
235,0
235,1000
236,0
236,294
236,294
236,999
237,0
237,1000
238,0
238,298
238,298
238,999
239,0
239,1000
240,0
240,299
240,299
240,999
241,0
241,1000
242,0
242,30
242,30
242,999
243,0
243,1000
244,0
244,303
244,303
244,999
245,0
245,1000
246,0
246,304
246,304
246,999
247,0
247,1000
248,0
248,305
248,305
248,999
249,0
249,1000
250,0
250,307
250,307
250,999
251,0
251,1000
252,0
252,31
252,31
252,999
253,0
253,1000
254,0
254,31
254,31
254,999
255,0
255,1000
256,0
256,31
256,31
256,999
257,0
257,1000
258,0
258,311
258,311
258,999
259,0
259,1000
260,0
260,313
260,313
260,999
261,0
261,1000
262,0
262,314
262,314
262,999
263,0
263,1000
264,0
264,314
264,314
264,999
265,0
265,1000
266,0
266,318
266,318
266,999
267,0
267,1000
268,0
268,32
268,32
268,999
269,0
269,1000
270,0
270,322
270,322
270,999
271,0
271,1000
272,0
272,323
272,323
272,999
273,0
273,1000
274,0
274,323
274,323
274,999
275,0
275,1000
276,0
276,327
276,327
276,999
277,0
277,1000
278,0
278,330
278,330
278,999
279,0
279,1000
280,0
280,332
280,332
280,999
281,0
281,1000
282,0
282,333
282,333
282,999
283,0
283,1000
284,0
284,335
284,335
284,999
285,0
285,1000
286,0
286,337
286,337
286,999
287,0
287,1000
288,0
288,337
288,337
288,999
289,0
289,1000
290,0
290,339
290,339
290,999
291,0
291,1000
292,0
292,340
292,340
292,999
293,0
293,1000
294,0
294,343
294,343
294,999
295,0
295,1000
296,0
296,347
296,347
296,999
297,0
297,1000
298,0
298,349
298,349
298,999
299,0
299,1000
300,0
300,35
300,35
300,999
301,0
301,1000
302,0
302,351
302,351
302,999
303,0
303,1000
304,0
304,354
304,354
304,999
305,0
305,1000
306,0
306,355
306,355
306,999
307,0
307,1000
308,0
308,358
308,358
308,999
309,0
309,1000
310,0
310,359
310,359
310,999
311,0
311,1000
312,0
312,36
312,36
312,999
313,0
313,1000
314,0
314,361
314,361
314,999
315,0
315,1000
316,0
316,360
316,360
316,999
317,0
317,1000
318,0
318,365
318,365
318,999
319,0
319,1000
320,0
320,365
320,365
320,999
321,0
321,1000
322,0
322,365
322,365
322,999
323,0
323,1000
324,0
324,364
324,364
324,999
325,0
325,1000
326,0
326,367
326,367
326,999
327,0
327,1000
328,0
328,37
328,37
328,999
329,0
329,1000
330,0
330,37
330,37
330,999
331,0
331,1000
332,0
332,371
332,371
332,999
333,0
333,1000
334,0
334,374
334,374
334,999
335,0
335,1000
336,0
336,377
336,377
336,999
337,0
337,1000
338,0
338,381
338,381
338,999
339,0
339,1000
340,0
340,385
340,385
340,999
341,0
341,1000
342,0
342,386
342,386
342,999
343,0
343,1000
344,0
344,389
344,389
344,999
345,0
345,1000
346,0
346,39
346,39
346,999
347,0
347,1000
348,0
348,391
348,391
348,999
349,0
349,1000
350,0
350,393
350,393
350,999
351,0
351,1000
352,0
352,394
352,394
352,999
353,0
353,1000
354,0
354,396
354,396
354,999
355,0
355,1000
356,0
356,395
356,395
356,999
357,0
357,1000
358,0
358,395
358,395
358,999
359,0
359,1000
360,0
360,396
360,396
360,999
361,0
361,1000
362,0
362,399
362,399
362,999
363,0
363,1000
364,0
364,400
364,400
364,999
365,0
365,1000
366,0
366,401
366,401
366,999
367,0
367,1000
368,0
368,403
368,403
368,999
369,0
369,1000
370,0
370,405
370,405
370,999
371,0
371,1000
372,0
372,407
372,407
372,999
373,0
373,1000
374,0
374,408
374,408
374,999
375,0
375,1000
376,0
376,411
376,411
376,999
377,0
377,1000
378,0
378,413
378,413
378,999
379,0
379,1000
380,0
380,416
380,416
380,999
381,0
381,1000
382,0
382,42
382,42
382,999
383,0
383,1000
384,0
384,420
384,420
384,999
385,0
385,1000
386,0
386,426
386,426
386,999
387,0
387,1000
388,0
388,428
388,428
388,999
389,0
389,1000
390,0
390,429
390,429
390,999
391,0
391,1000
392,0
392,432
392,432
392,999
393,0
393,1000
394,0
394,434
394,434
394,999
395,0
395,1000
396,0
396,439
396,439
396,999
397,0
397,1000
398,0
398,440
398,440
398,999
399,0
399,1000
400,0
400,442
400,442
400,999
401,0
401,1000
402,0
402,443
402,443
402,999
403,0
403,1000
404,0
404,444
404,444
404,999
405,0
405,1000
406,0
406,448
406,448
406,999
407,0
407,1000
408,0
408,450
408,450
408,999
409,0
409,1000
410,0
410,451
410,451
410,999
411,0
411,1000
412,0
412,455
412,455
412,999
413,0
413,1000
414,0
414,459
414,459
414,999
415,0
415,1000
416,0
416,462
416,462
416,999
417,0
417,1000
418,0
418,466
418,466
418,999
419,0
419,1000
420,0
420,467
420,467
420,999
421,0
421,1000
422,0
422,469
422,469
422,999
423,0
423,1000
424,0
424,472
424,472
424,999
425,0
425,1000
426,0
426,475
426,475
426,999
427,0
427,1000
428,0
428,475
428,475
428,999
429,0
429,1000
430,0
430,477
430,477
430,999
431,0
431,1000
432,0
432,480
432,480
432,999
433,0
433,1000
434,0
434,480
434,480
434,999
435,0
435,1000
436,0
436,480
436,480
436,999
437,0
437,1000
438,0
438,482
438,482
438,999
439,0
439,1000
440,0
440,485
440,485
440,999
441,0
441,1000
442,0
442,485
442,485
442,999
443,0
443,1000
444,0
444,489
444,489
444,999
445,0
445,1000
446,0
446,492
446,492
446,999
447,0
447,1000
448,0
448,492
448,492
448,999
449,0
449,1000
450,0
450,493
450,493
450,999
451,0
451,1000
452,0
452,495
452,495
452,999
453,0
453,1000
454,0
454,495
454,495
454,999
455,0
455,1000
456,0
456,496
456,496
456,999
457,0
457,1000
458,0
458,498
458,498
458,999
459,0
459,1000
460,0
460,50
460,50
460,999
461,0
461,1000
462,0
462,503
462,503
462,999
463,0
463,1000
464,0
464,503
464,503
464,999
465,0
465,1000
466,0
466,506
466,506
466,999
467,0
467,1000
468,0
468,508
468,508
468,999
469,0
469,1000
470,0
470,51
470,51
470,999
471,0
471,1000
472,0
472,511
472,511
472,999
473,0
473,1000
474,0
474,514
474,514
474,999
475,0
475,1000
476,0
476,516
476,516
476,999
477,0
477,1000
478,0
478,519
478,519
478,999
479,0
479,1000
480,0
480,520
480,520
480,999
481,0
481,1000
482,0
482,521
482,521
482,999
483,0
483,1000
484,0
484,524
484,524
484,999
485,0
485,1000
486,0
486,525
486,525
486,999
487,0
487,1000
488,0
488,528
488,528
488,999
489,0
489,1000
490,0
490,529
490,529
490,999
491,0
491,1000
492,0
492,530
492,530
492,999
493,0
493,1000
494,0
494,530
494,530
494,999
495,0
495,1000
496,0
496,530
496,530
496,999
497,0
497,1000
498,0
498,532
498,532
498,999
499,0
499,1000
500,0
500,534
500,534
500,999
501,0
501,1000
502,0
502,535
502,535
502,999
503,0
503,1000
504,0
504,538
504,538
504,999
505,0
505,1000
506,0
506,538
506,538
506,999
507,0
507,1000
508,0
508,540
508,540
508,999
509,0
509,1000
510,0
510,540
510,540
510,999
511,0
511,1000
512,0
512,543
512,543
512,999
513,0
513,1000
514,0
514,543
514,543
514,999
515,0
515,1000
516,0
516,544
516,544
516,999
517,0
517,1000
518,0
518,546
518,546
518,999
519,0
519,1000
520,0
520,546
520,546
520,999
521,0
521,1000
522,0
522,55
522,55
522,999
523,0
523,1000
524,0
524,550
524,550
524,999
525,0
525,1000
526,0
526,553
526,553
526,999
527,0
527,1000
528,0
528,555
528,555
528,999
529,0
529,1000
530,0
530,559
530,559
530,999
531,0
531,1000
532,0
532,559
532,559
532,999
533,0
533,1000
534,0
534,560
534,560
534,999
535,0
535,1000
536,0
536,562
536,562
536,999
537,0
537,1000
538,0
538,562
538,562
538,999
539,0
539,1000
540,0
540,563
540,563
540,999
541,0
541,1000
542,0
542,566
542,566
542,999
543,0
543,1000
544,0
544,569
544,569
544,999
545,0
545,1000
546,0
546,57
546,57
546,999
547,0
547,1000
548,0
548,571
548,571
548,999
549,0
549,1000
550,0
550,572
550,572
550,999
551,0
551,1000
552,0
552,575
552,575
552,999
553,0
553,1000
554,0
554,577
554,577
554,999
555,0
555,1000
556,0
556,58
556,58
556,999
557,0
557,1000
558,0
558,58
558,58
558,999
559,0
559,1000
560,0
560,581
560,581
560,999
561,0
561,1000
562,0
562,582
562,582
562,999
563,0
563,1000
564,0
564,585
564,585
564,999
565,0
565,1000
566,0
566,588
566,588
566,999
567,0
567,1000
568,0
568,590
568,590
568,999
569,0
569,1000
570,0
570,59
570,59
570,999
571,0
571,1000
572,0
572,592
572,592
572,999
573,0
573,1000
574,0
574,594
574,594
574,999
575,0
575,1000
576,0
576,595
576,595
576,999
577,0
577,1000
578,0
578,6
578,6
578,999
579,0
579,1000
580,0
580,603
580,603
580,999
581,0
581,1000
582,0
582,604
582,604
582,999
583,0
583,1000
584,0
584,606
584,606
584,999
585,0
585,1000
586,0
586,608
586,608
586,999
587,0
587,1000
588,0
588,61
588,61
588,999
589,0
589,1000
590,0
590,611
590,611
590,999
591,0
591,1000
592,0
592,612
592,612
592,999
593,0
593,1000
594,0
594,615
594,615
594,999
595,0
595,1000
596,0
596,618
596,618
596,999
597,0
597,1000
598,0
598,618
598,618
598,999
599,0
599,1000
600,0
600,619
600,619
600,999
601,0
601,1000
602,0
602,621
602,621
602,999
603,0
603,1000
604,0
604,622
604,622
604,999
605,0
605,1000
606,0
606,627
606,627
606,999
607,0
607,1000
608,0
608,629
608,629
608,999
609,0
609,1000
610,0
610,631
610,631
610,999
611,0
611,1000
612,0
612,632
612,632
612,999
613,0
613,1000
614,0
614,634
614,634
614,999
615,0
615,1000
616,0
616,635
616,635
616,999
617,0
617,1000
618,0
618,634
618,634
618,999
619,0
619,1000
620,0
620,636
620,636
620,999
621,0
621,1000
622,0
622,639
622,639
622,999
623,0
623,1000
624,0
624,64
624,64
624,999
625,0
625,1000
626,0
626,640
626,640
626,999
627,0
627,1000
628,0
628,643
628,643
628,999
629,0
629,1000
630,0
630,644
630,644
630,999
631,0
631,1000
632,0
632,646
632,646
632,999
633,0
633,1000
634,0
634,648
634,648
634,999
635,0
635,1000
636,0
636,652
636,652
636,999
637,0
637,1000
638,0
638,653
638,653
638,999
639,0
639,1000
640,0
640,656
640,656
640,999
641,0
641,1000
642,0
642,658
642,658
642,999
643,0
643,1000
644,0
644,659
644,659
644,999
645,0
645,1000
646,0
646,659
646,659
646,999
647,0
647,1000
648,0
648,66
648,66
648,999
649,0
649,1000
650,0
650,661
650,661
650,999
651,0
651,1000
652,0
652,666
652,666
652,999
653,0
653,1000
654,0
654,667
654,667
654,999
655,0
655,1000
656,0
656,671
656,671
656,999
657,0
657,1000
658,0
658,670
658,670
658,999
659,0
659,1000
660,0
660,671
660,671
660,999
661,0
661,1000
662,0
662,674
662,674
662,999
663,0
663,1000
664,0
664,676
664,676
664,999
665,0
665,1000
666,0
666,681
666,681
666,999
667,0
667,1000
668,0
668,681
668,681
668,999
669,0
669,1000
670,0
670,684
670,684
670,999
671,0
671,1000
672,0
672,689
672,689
672,999
673,0
673,1000
674,0
674,689
674,689
674,999
675,0
675,1000
676,0
676,691
676,691
676,999
677,0
677,1000
678,0
678,694
678,694
678,999
679,0
679,1000
680,0
680,696
680,696
680,999
681,0
681,1000
682,0
682,698
682,698
682,999
683,0
683,1000
684,0
684,7
684,7
684,999
685,0
685,1000
686,0
686,700
686,700
686,999
687,0
687,1000
688,0
688,702
688,702
688,999
689,0
689,1000
690,0
690,705
690,705
690,999
691,0
691,1000
692,0
692,706
692,706
692,999
693,0
693,1000
694,0
694,709
694,709
694,999
695,0
695,1000
696,0
696,711
696,711
696,999
697,0
697,1000
698,0
698,713
698,713
698,999
699,0
699,1000
700,0
700,715
700,715
700,999
701,0
701,1000
702,0
702,715
702,715
702,999
703,0
703,1000
704,0
704,718
704,718
704,999
705,0
705,1000
706,0
706,719
706,719
706,999
707,0
707,1000
708,0
708,720
708,720
708,999
709,0
709,1000
710,0
710,720
710,720
710,999
711,0
711,1000
712,0
712,722
712,722
712,999
713,0
713,1000
714,0
714,724
714,724
714,999
715,0
715,1000
716,0
716,729
716,729
716,999
717,0
717,1000
718,0
718,73
718,73
718,999
719,0
719,1000
720,0
720,731
720,731
720,999
721,0
721,1000
722,0
722,734
722,734
722,999
723,0
723,1000
724,0
724,735
724,735
724,999
725,0
725,1000
726,0
726,737
726,737
726,999
727,0
727,1000
728,0
728,739
728,739
728,999
729,0
729,1000
730,0
730,739
730,739
730,999
731,0
731,1000
732,0
732,742
732,742
732,999
733,0
733,1000
734,0
734,746
734,746
734,999
735,0
735,1000
736,0
736,748
736,748
736,999
737,0
737,1000
738,0
738,751
738,751
738,999
739,0
739,1000
740,0
740,756
740,756
740,999
741,0
741,1000
742,0
742,759
742,759
742,999
743,0
743,1000
744,0
744,76
744,76
744,999
745,0
745,1000
746,0
746,760
746,760
746,999
747,0
747,1000
748,0
748,762
748,762
748,999
749,0
749,1000
750,0
750,762
750,762
750,999
751,0
751,1000
752,0
752,765
752,765
752,999
753,0
753,1000
754,0
754,765
754,765
754,999
755,0
755,1000
756,0
756,77
756,77
756,999
757,0
757,1000
758,0
758,771
758,771
758,999
759,0
759,1000
760,0
760,773
760,773
760,999
761,0
761,1000
762,0
762,775
762,775
762,999
763,0
763,1000
764,0
764,777
764,777
764,999
765,0
765,1000
766,0
766,779
766,779
766,999
767,0
767,1000
768,0
768,78
768,78
768,999
769,0
769,1000
770,0
770,78
770,78
770,999
771,0
771,1000
772,0
772,780
772,780
772,999
773,0
773,1000
774,0
774,780
774,780
774,999
775,0
775,1000
776,0
776,785
776,785
776,999
777,0
777,1000
778,0
778,787
778,787
778,999
779,0
779,1000
780,0
780,788
780,788
780,999
781,0
781,1000
782,0
782,790
782,790
782,999
783,0
783,1000
784,0
784,792
784,792
784,999
785,0
785,1000
786,0
786,792
786,792
786,999
787,0
787,1000
788,0
788,795
788,795
788,999
789,0
789,1000
790,0
790,797
790,797
790,999
791,0
791,1000
792,0
792,8
792,8
792,999
793,0
793,1000
794,0
794,80
794,80
794,999
795,0
795,1000
796,0
796,803
796,803
796,999
797,0
797,1000
798,0
798,804
798,805
798,999
799,0
799,1000
800,0
800,807
800,807
800,999
801,0
801,1000
802,0
802,81
802,81
802,999
803,0
803,1000
804,0
804,811
804,811
804,999
805,0
805,1000
806,0
806,813
806,813
806,999
807,0
807,1000
808,0
808,814
808,814
808,999
809,0
809,1000
810,0
810,817
810,817
810,999
811,0
811,1000
812,0
812,820
812,820
812,999
813,0
813,1000
814,0
814,823
814,823
814,999
815,0
815,1000
816,0
816,823
816,823
816,999
817,0
817,1000
818,0
818,827
818,827
818,999
819,0
819,1000
820,0
820,83
820,83
820,999
821,0
821,1000
822,0
822,833
822,833
822,999
823,0
823,1000
824,0
824,834
824,834
824,999
825,0
825,1000
826,0
826,839
826,839
826,999
827,0
827,1000
828,0
828,839
828,839
828,999
829,0
829,1000
830,0
830,84
830,84
830,999
831,0
831,1000
832,0
832,841
832,841
832,999
833,0
833,1000
834,0
834,842
834,842
834,999
835,0
835,1000
836,0
836,845
836,845
836,999
837,0
837,1000
838,0
838,847
838,847
838,999
839,0
839,1000
840,0
840,846
840,846
840,999
841,0
841,1000
842,0
842,847
842,847
842,999
843,0
843,1000
844,0
844,849
844,849
844,999
845,0
845,1000
846,0
846,850
846,850
846,999
847,0
847,1000
848,0
848,851
848,851
848,999
849,0
849,1000
850,0
850,852
850,852
850,999
851,0
851,1000
852,0
852,857
852,857
852,999
853,0
853,1000
854,0
854,857
854,857
854,999
855,0
855,1000
856,0
856,861
856,861
856,999
857,0
857,1000
858,0
858,863
858,863
858,999
859,0
859,1000
860,0
860,865
860,865
860,999
861,0
861,1000
862,0
862,867
862,867
862,999
863,0
863,1000
864,0
864,868
864,868
864,999
865,0
865,1000
866,0
866,869
866,869
866,999
867,0
867,1000
868,0
868,871
868,871
868,999
869,0
869,1000
870,0
870,874
870,874
870,999
871,0
871,1000
872,0
872,874
872,874
872,999
873,0
873,1000
874,0
874,878
874,878
874,999
875,0
875,1000
876,0
876,878
876,878
876,999
877,0
877,1000
878,0
878,880
878,880
878,999
879,0
879,1000
880,0
880,885
880,885
880,999
881,0
881,1000
882,0
882,887
882,887
882,999
883,0
883,1000
884,0
884,89
884,89
884,999
885,0
885,1000
886,0
886,890
886,890
886,999
887,0
887,1000
888,0
888,892
888,892
888,999
889,0
889,1000
890,0
890,894
890,894
890,999
891,0
891,1000
892,0
892,897
892,897
892,999
893,0
893,1000
894,0
894,899
894,899
894,999
895,0
895,1000
896,0
896,90
896,90
896,999
897,0
897,1000
898,0
898,903
898,903
898,999
899,0
899,1000
900,0
900,902
900,902
900,999
901,0
901,1000
902,0
902,904
902,904
902,999
903,0
903,1000
904,0
904,907
904,907
904,999
905,0
905,1000
906,0
906,907
906,907
906,999
907,0
907,1000
908,0
908,908
908,908
908,999
909,0
909,1000
910,0
910,910
910,910
910,999
911,0
911,1000
912,0
912,914
912,914
912,999
913,0
913,1000
914,0
914,916
914,916
914,999
915,0
915,1000
916,0
916,92
916,92
916,999
917,0
917,1000
918,0
918,920
918,920
918,999
919,0
919,1000
920,0
920,922
920,922
920,999
921,0
921,1000
922,0
922,925
922,925
922,999
923,0
923,1000
924,0
924,928
924,928
924,999
925,0
925,1000
926,0
926,929
926,929
926,999
927,0
927,1000
928,0
928,93
928,93
928,999
929,0
929,1000
930,0
930,93
930,93
930,999
931,0
931,1000
932,0
932,932
932,932
932,999
933,0
933,1000
934,0
934,932
934,932
934,999
935,0
935,1000
936,0
936,935
936,935
936,999
937,0
937,1000
938,0
938,937
938,937
938,999
939,0
939,1000
940,0
940,940
940,940
940,999
941,0
941,1000
942,0
942,943
942,943
942,999
943,0
943,1000
944,0
944,941
944,941
944,999
945,0
945,1000
946,0
946,942
946,942
946,999
947,0
947,1000
948,0
948,945
948,945
948,999
949,0
949,1000
950,0
950,946
950,946
950,999
951,0
951,1000
952,0
952,950
952,950
952,999
953,0
953,1000
954,0
954,953
954,953
954,999
955,0
955,1000
956,0
956,957
956,957
956,999
957,0
957,1000
958,0
958,96
958,96
958,999
959,0
959,1000
960,0
960,962
960,962
960,999
961,0
961,1000
962,0
962,963
962,963
962,999
963,0
963,1000
964,0
964,966
964,966
964,999
965,0
965,1000
966,0
966,969
966,969
966,999
967,0
967,1000
968,0
968,970
968,970
968,999
969,0
969,1000
970,0
970,972
970,972
970,999
971,0
971,1000
972,0
972,975
972,975
972,999
973,0
973,1000
974,0
974,977
974,977
974,999
975,0
975,1000
976,0
976,979
976,979
976,999
977,0
977,1000
978,0
978,980
978,980
978,999
979,0
979,1000
980,0
980,981
980,981
980,999
981,0
981,1000
982,0
982,981
982,981
982,999
983,0
983,1000
984,0
984,984
984,984
984,999
985,0
985,1000
986,0
986,985
986,985
986,999
987,0
987,1000
988,0
988,987
988,987
988,999
989,0
989,1000
990,0
990,989
990,989
990,999
991,0
991,1000
992,0
992,992
992,992
992,999
993,0
993,1000
994,0
994,994
994,994
994,999
995,0
995,1000
996,0
996,996
996,996
996,999
997,0
997,1000
998,0
998,999
998,999
999,0
999,1000
1000,0
1000,999
